{
  "nbformat": 4,
  "nbformat_minor": 0,
  "metadata": {
    "colab": {
      "provenance": [],
      "authorship_tag": "ABX9TyO2hpibTxOXtQKfC4qAVfla",
      "include_colab_link": true
    },
    "kernelspec": {
      "name": "python3",
      "display_name": "Python 3"
    },
    "language_info": {
      "name": "python"
    }
  },
  "cells": [
    {
      "cell_type": "markdown",
      "metadata": {
        "id": "view-in-github",
        "colab_type": "text"
      },
      "source": [
        "<a href=\"https://colab.research.google.com/github/jeffersonramelo/M-TODOS-QUANTITATIVOS/blob/main/correlacao.ipynb\" target=\"_parent\"><img src=\"https://colab.research.google.com/assets/colab-badge.svg\" alt=\"Open In Colab\"/></a>"
      ]
    },
    {
      "cell_type": "code",
      "execution_count": 9,
      "metadata": {
        "colab": {
          "base_uri": "https://localhost:8080/"
        },
        "id": "194u_B4p7ibf",
        "outputId": "f0eda381-e838-4d5c-c119-0d1e4aef6875"
      },
      "outputs": [
        {
          "output_type": "stream",
          "name": "stdout",
          "text": [
            "   Notas  TempoSono  TempoRev\n",
            "0      2         12         1\n",
            "1      2         12         1\n",
            "2      2         12         1\n",
            "3      2         12         1\n",
            "4      2         12         1\n",
            "Matriz de Correlação de Pearson:\n",
            "              Notas  TempoSono  TempoRev\n",
            "Notas      1.000000  -0.762779  0.980109\n",
            "TempoSono -0.762779   1.000000 -0.822819\n",
            "TempoRev   0.980109  -0.822819  1.000000\n"
          ]
        }
      ],
      "source": [
        "import pandas as pd\n",
        "\n",
        "df = pd.read_csv('/content/tempo e notas.csv', sep=';')\n",
        "print(df.head())\n",
        "\n",
        "\n",
        "    # Calcular a correlação de Pearson\n",
        "correlation_matrix = df.corr(method='pearson')\n",
        "\n",
        "print(\"Matriz de Correlação de Pearson:\")\n",
        "print(correlation_matrix)"
      ]
    },
    {
      "cell_type": "code",
      "source": [
        "import pandas as pd\n",
        "\n",
        "df = pd.read_csv('/content/publicidade e vendas.csv', sep=';')\n",
        "print(df.head())\n",
        "\n",
        "\n",
        "    # Calcular a correlação de Pearson\n",
        "correlation_matrix = df.corr(method='pearson')\n",
        "\n",
        "print(\"Matriz de Correlação de Pearson:\")\n",
        "print(correlation_matrix)"
      ],
      "metadata": {
        "colab": {
          "base_uri": "https://localhost:8080/"
        },
        "id": "ovcDM45B-cj6",
        "outputId": "632da9ee-07fc-46a3-8d52-6044a70a1a40"
      },
      "execution_count": 10,
      "outputs": [
        {
          "output_type": "stream",
          "name": "stdout",
          "text": [
            "   Publicidade  Vendas  d_teste1  d_teste0  p_v_t_1  p_v_t_0\n",
            "0          986     120         1         0   118320        0\n",
            "1         1446     360         0         1        0   520560\n",
            "2         1188     270         1         0   320760        0\n",
            "3          575     220         0         1        0   126500\n",
            "4          569     170         1         0    96730        0\n",
            "Matriz de Correlação de Pearson:\n",
            "             Publicidade    Vendas  d_teste1  d_teste0   p_v_t_1   p_v_t_0\n",
            "Publicidade     1.000000  0.602875  0.006764 -0.006764  0.425229  0.634556\n",
            "Vendas          0.602875  1.000000  0.000608 -0.000608  0.337974  0.529851\n",
            "d_teste1        0.006764  0.000608  1.000000 -1.000000  0.647211 -0.539899\n",
            "d_teste0       -0.006764 -0.000608 -1.000000  1.000000 -0.647211  0.539899\n",
            "p_v_t_1         0.425229  0.337974  0.647211 -0.647211  1.000000 -0.349428\n",
            "p_v_t_0         0.634556  0.529851 -0.539899  0.539899 -0.349428  1.000000\n"
          ]
        }
      ]
    }
  ]
}